poke#700,0,0,0,#FF,#FF,#FF,4,#FE
poke#708,#F8,#98,#9C,#FE,#C3,16,56,#F8
poke#710,#F8,56,#F8,#F8,56,56,56,56
poke#718,48,0,0,0,#80,#80,#FF,#FF
poke#720,#80,0,#98,48,#FC,#FC,96,96
poke#728,#FF,#FE,24,#8E,#9F,#BB,#F0,#F8
poke#730,#9C,#86,#80,#80,0,0,0,0
poke#738,0,0,0,0,0,0,0,0
poke#740,0,0,0,0,0,0,0,0
poke#748,0,0,0,0,0,0,0,0
poke#750,#FC,#FE,14,6,6,0,0,#FF
poke#758,#FF,0,0,0,0,96,#70,56
poke#760,60,#FC,#FE,14,4,0,0,0
poke#768,0,0,0,0,0,0,#F8,#F8
poke#770,#70,#E0,#C0,#80,0,0,0,0
poke#778,0,0,0,0,#FE,#FF,#FE,0
poke#780,0,24,24,#FF,#FF,#FF,99,#F7
poke#788,#9C,#99,#99,#99,#99,24,0,#FF
poke#790,#FF,0,#FF,#FF,#FF,0,0,0
poke#798,0,0,0,0,#C1,#C1,#FF,#FF
poke#7A0,#C1,#C0,25,25,63,63,7,6
poke#7A8,#7F,#7F,28,57,#FD,#E7,#81,7
poke#7B0,29,57,3,1,0,0,0,0
poke#7B8,0,0,0,0,0,0,0,0
poke#7C0,0,0,0,0,0,0,0,0
poke#7C8,0,0,0,0,0,24,24,24
poke#7D0,#FF,#FF,0,96,96,96,#E0,#FF
poke#7D8,#FF,#C0,#C6,#8E,#8E,28,24,24
poke#7E0,48,#73,#FF,#FF,0,0,0,0
poke#7E8,0,24,24,24,24,28,#FF,#FF
poke#7F0,0,0,1,3,7,14,28,56
poke#7F8,#F0,#E0,#80,#80,#FF,#FF,63,0
poke#800,0,0,0,#7F,#FF,#7F,0,63
poke#808,13,12,25,59,#73,6,14,15
poke#810,15,12,15,15,14,28,60,#78
poke#818,32,0,0,0,0,1,#7F,#7F
poke#820,1,0,0,63,51,49,49,63
poke#828,63,49,49,63,63,49,49,33
poke#830,97,97,71,7,0,0,0,0
poke#838,0,0,0,0,0,0,0,0
poke#840,0,0,0,0,0,0,0,0
poke#848,0,0,0,0,0,0,0,0
poke#850,63,63,48,48,48,0,0,#7F
poke#858,#7F,0,1,1,1,3,7,14
poke#860,30,60,#79,#71,1,0,0,0
poke#868,0,0,0,0,0,0,15,15
poke#870,0,0,0,0,0,0,0,6
poke#878,14,15,31,59,49,48,0,0
poke#880,0,0,0,0,0,0,0,0
poke#888,0,0,0,0,0,0,0,0
poke#890,0,0,0,0,0,0,0,0
poke#898,0,0,0,0,0,0,0,0
poke#8A0,0,0,0,0,0,0,0,0
poke#8A8,0,0,0,0,0,0,0,0
poke#8B0,0,0,0,0,0,0,0,0
poke#8B8,0,0,0,0,0,0,0,0
poke#8C0,0,0,0,0,0,0,0,0
poke#8C8,0,0,0,0,0,0,0,0
poke#8D0,0,0,0,0,0,0,0,0
poke#8D8,0,0,0,0,0,0,0,0
poke#8E0,0,0,0,0,0,0,0,0
poke#8E8,0,0,0,0,0,0,0,0
poke#8F0,0,0,0,0,0,0,0,0
poke#8F8,0,0,0,0,0,0,0,0
poke#900,0,0,0,0,0,0,0,0
poke#908,0,0,0,0,0,0,0,0
poke#910,0,0,0,0,0,0,0,0
poke#918,0,0,0,0,0,0,0,0
poke#920,0,0,0,0,0,0,0,0
poke#928,0,0,0,0,0,0,0,0
poke#930,0,0,0,0,0,0,0,0
poke#938,0,0,0,0,0,0,0,0
poke#940,0,0,0,0,0,0,0,0
poke#948,0,0,0,0,0,0,0,0
poke#950,0,0,0,0,0,0,0,0
poke#958,0,0,0,0,0,0,0,0
poke#960,0,0,0,0,0,0,0,0
poke#968,0,0,0,0,0,0,0,0
poke#970,0,0,0,0,0,0,0,0
poke#978,0,0,0,0,0,0,0,0
poke#980,0,0,0,#FE,#FE,#FC,0,0
poke#988,0,#E0,#FF,#7E,48,#B0,48,48
poke#990,#B0,48,48,#B0,#B0,#B0,#B0,48
poke#998,48,0,0,0,#80,#80,#FE,#FE
poke#9A0,#80,0,56,48,#FC,#FC,#E0,96
poke#9A8,#FE,#FE,24,#9C,#9F,#B3,#E0,#F8
poke#9B0,#9C,#8E,#80,0,0,0,0,0
poke#9B8,0,0,0,0,0,0,0,0
poke#9C0,0,0,0,0,0,0,0,0
poke#9C8,0,0,0,0,0,0,0,0
poke#9D0,0,#F8,#F8,#F8,24,24,24,24
poke#9D8,#F8,#F8,24,0,0,0,0,0
poke#9E0,0,0,#FE,#FE,30,0,0,0
poke#9E8,0,0,#FE,#FE,12,12,12,24
poke#9F0,24,24,48,24,12,14,6,7
poke#9F8,3,3,7,30,62,0,0,0
poke#A00,0,24,24,#FF,#FF,#FF,#C7,#FE
poke#A08,#7E,#FF,#83,0,0,#FF,0,0
poke#A10,#FF,24,#9B,#9B,#99,#99,24,56
poke#A18,48,0,0,0,#81,#83,#FF,#FF
poke#A20,#81,#80,51,27,63,#7F,6,6
poke#A28,#7F,#7F,24,57,#FD,#CD,1,15
poke#A30,61,49,35,3,0,0,0,0
poke#A38,0,0,0,0,0,0,0,0
poke#A40,0,0,0,0,0,0,0,0
poke#A48,0,0,0,0,0,24,24,24
poke#A50,24,#FF,#FF,#FF,24,24,24,24
poke#A58,#FF,#FF,24,24,#98,#98,#F8,#F0
poke#A60,#78,#FF,#CF,3,0,0,0,0
poke#A68,0,0,3,3,#F3,#F3,51,51
poke#A70,#F3,#F3,51,51,#F3,#F3,3,#C3
poke#A78,#E3,99,#F3,#F3,#BB,27,3,3
poke#A80,0,0,0,#7F,#FF,#7F,1,0
poke#A88,0,7,#FF,#FC,12,13,12,12
poke#A90,13,12,12,29,29,27,59,#70
poke#A98,96,0,0,0,1,1,#7F,#7F
poke#AA0,1,0,0,63,51,51,51,63
poke#AA8,63,51,51,63,63,35,35,99
poke#AB0,99,#C3,#C7,6,0,0,0,0
poke#AB8,0,0,0,0,0,0,0,0
poke#AC0,0,0,0,0,0,0,0,0
poke#AC8,0,0,0,0,0,0,0,0
poke#AD0,0,31,63,63,56,56,56,56
poke#AD8,63,63,56,16,3,1,1,0
poke#AE0,0,1,15,#7F,#78,0,0,0
poke#AE8,3,3,3,3,63,63,48,48
poke#AF0,63,63,48,48,63,63,48,48
poke#AF8,48,48,48,63,#FF,#70,0,0
goto200
